//Cell Pos = BField(Tesla) B_theta(degrees) B_phi(degrees)
000 = 2.5e-05 301.0 56.86
001 = 2.5e-05 57.22 45.47
002 = 2.5e-05 51.67 133.6
010 = 2.5e-05 123.9 176.4
011 = 2.5e-05 44.21 47.54
012 = 2.5e-05 95.71 50.87
020 = 2.5e-05 202.4 116.8
021 = 2.5e-05 251.5 42.30
022 = 2.5e-05 51.71 151.7
100 = 2.5e-05 257.9 143.4
101 = 2.5e-05 10.57 12.76
102 = 2.5e-05 38.36 91.62
110 = 2.5e-05 4.963 160.3
111 = 2.5e-05 170.6 1.671
112 = 2.5e-05 198.7 125.3
120 = 2.5e-05 85.00 28.35
121 = 2.5e-05 107.4 82.09
122 = 2.5e-05 183.1 76.95
200 = 2.5e-05 102.4 54.51
201 = 2.5e-05 298.4 167.2
202 = 2.5e-05 129.6 51.15
210 = 2.5e-05 273.5 93.37
211 = 2.5e-05 180.5 28.84
212 = 2.5e-05 13.12 154.5
220 = 2.5e-05 85.82 42.21
221 = 2.5e-05 45.61 69.94
222 = 2.5e-05 29.40 68.33
